theta0_pop,1,-0.957424,0.5751,-0.707566,-0.83798,-0.771807,-0.774467,0.0623075,0.506165,0.441068,-0.411657
beta_theta0_WEIGHTB,-0.957424,1,-0.636271,0.572263,0.730843,0.610592,0.620004,-0.0653227,-0.414482,-0.361464,0.387125
beta_theta0_SEX_Male,0.5751,-0.636271,1,-0.349132,-0.589258,-0.516683,-0.524403,0.0390798,0.234249,0.272185,-0.248172
beta_theta0_TRTACT_1600_mg,-0.707566,0.572263,-0.349132,1,0.776811,0.750932,0.779004,-0.0200663,-0.568127,-0.662276,0.476806
beta_theta0_TRTACT_200_mg,-0.83798,0.730843,-0.589258,0.776811,1,0.843356,0.863219,-0.0342787,-0.606266,-0.649183,0.460774
beta_theta0_TRTACT_400_mg,-0.771807,0.610592,-0.516683,0.750932,0.843356,1,0.873496,-0.040737,-0.565978,-0.533762,0.342055
beta_theta0_TRTACT_800_mg,-0.774467,0.620004,-0.524403,0.779004,0.863219,0.873496,1,0.00632516,-0.63823,-0.591546,0.472907
beta_time_pop,0.0623075,-0.0653227,0.0390798,-0.0200663,-0.0342787,-0.040737,0.00632516,1,-0.312603,-0.0310822,0.183491
beta_beta_time_SEX_Male,0.506165,-0.414482,0.234249,-0.568127,-0.606266,-0.565978,-0.63823,-0.312603,1,0.512609,-0.515872
omega_theta0,0.441068,-0.361464,0.272185,-0.662276,-0.649183,-0.533762,-0.591546,-0.0310822,0.512609,1,-0.44064
omega_beta_time,-0.411657,0.387125,-0.248172,0.476806,0.460774,0.342055,0.472907,0.183491,-0.515872,-0.44064,1
